[ 7003.425267] [Project1] 3411 1588161552.107712490 1588161552.902667138
[ 7004.924685] [Project1] 3412 1588161553.654318331 1588161554.402816626
[ 7006.418838] [Project1] 3414 1588161555.142387326 1588161555.897735608
[ 7008.024591] [Project1] 3415 1588161556.713800776 1588161557.504291347
[ 7009.589240] [Project1] 3416 1588161558.292489408 1588161559.069723252
[ 7011.074976] [Project1] 3417 1588161559.800294188 1588161560.556200497
[ 7012.562001] [Project1] 3418 1588161561.289482723 1588161562.043969621
[ 7014.037036] [Project1] 3419 1588161562.765801205 1588161563.519743013
[ 7015.498059] [Project1] 3420 1588161564.237177850 1588161564.981496010
[ 7016.940718] [Project1] 3421 1588161565.687061823 1588161566.424876290
